1759617782372 0.43295502311895756 0 8750399e5eb14b2198de6782289a9cdc
1759617782372 0.43295502311895756 0 8750399e5eb14b2198de6782289a9cdc
1759617782372 0.43295502311895756 0 8750399e5eb14b2198de6782289a9cdc
1759617782372 0.43295502311895756 0 8750399e5eb14b2198de6782289a9cdc
1759617782372 0.43295502311895756 0 8750399e5eb14b2198de6782289a9cdc
1759617782372 0.43295502311895756 0 8750399e5eb14b2198de6782289a9cdc
1759617782372 0.43295502311895756 0 8750399e5eb14b2198de6782289a9cdc
1759617782372 0.43295502311895756 0 8750399e5eb14b2198de6782289a9cdc
1759617782372 0.43295502311895756 0 8750399e5eb14b2198de6782289a9cdc
1759617782372 0.43295502311895756 0 8750399e5eb14b2198de6782289a9cdc
1759617782372 0.43295502311895756 0 8750399e5eb14b2198de6782289a9cdc
1759617782372 0.43295502311895756 0 8750399e5eb14b2198de6782289a9cdc
1759617782372 0.43295502311895756 0 8750399e5eb14b2198de6782289a9cdc
1759617782372 0.43295502311895756 0 8750399e5eb14b2198de6782289a9cdc
1759617782372 0.43295502311895756 0 8750399e5eb14b2198de6782289a9cdc
1759617782372 0.43295502311895756 0 8750399e5eb14b2198de6782289a9cdc
1759617782372 0.43295502311895756 0 8750399e5eb14b2198de6782289a9cdc
1759617782372 0.43295502311895756 0 8750399e5eb14b2198de6782289a9cdc
1759617782372 0.43295502311895756 0 8750399e5eb14b2198de6782289a9cdc
1759617782372 0.43295502311895756 0 8750399e5eb14b2198de6782289a9cdc
1759617782372 0.43295502311895756 0 8750399e5eb14b2198de6782289a9cdc
1759617782372 0.43295502311895756 0 8750399e5eb14b2198de6782289a9cdc
1759617782372 0.43295502311895756 0 8750399e5eb14b2198de6782289a9cdc
1759617782372 0.43295502311895756 0 8750399e5eb14b2198de6782289a9cdc
1759617782372 0.43295502311895756 0 8750399e5eb14b2198de6782289a9cdc
1759617782372 0.43295502311895756 0 8750399e5eb14b2198de6782289a9cdc
1759617782372 0.43295502311895756 0 8750399e5eb14b2198de6782289a9cdc
1759617782372 0.43295502311895756 0 8750399e5eb14b2198de6782289a9cdc
1759617782372 0.43295502311895756 0 8750399e5eb14b2198de6782289a9cdc
1759617782372 0.43295502311895756 0 8750399e5eb14b2198de6782289a9cdc
1759617782372 0.43295502311895756 0 8750399e5eb14b2198de6782289a9cdc
1759617782372 0.43295502311895756 0 8750399e5eb14b2198de6782289a9cdc
